-669.161 -669.162 -669.162 -669.161 -669.158 -669.162 -669.164 -669.161 -669.161 -669.163 -669.161 -669.161 -669.161 -669.163 -669.161 -669.18 -669.189 -669.161 
602.103 602.102 602.103 602.102 602.104 602.102 602.097 602.1 602.1 602.103 602.11 602.11 602.1 602.106 602.1 602.11 602.11 602.1 
2295.2 2295.2 2295.21 2295.21 2295.2 2295.2 2295.2 2295.2 2295.21 2295.21 2295.2 2295.2 2295.21 2295.2 2295.21 2295.18 2295.21 2295.2 
1239.37 1239.37 1239.37 1239.37 1239.37 1239.37 1239.37 1239.37 1239.37 1239.37 1239.37 1239.37 1239.37 1239.37 1239.37 1239.39 1239.37 1239.38 
-2450.03 -2450.03 -2450.04 -2450.04 -2450.03 -2450.03 -2450.03 -2450.03 -2450.03 -2450.04 -2450.03 -2450.03 -2450.03 -2450.03 -2450.04 -2450.03 -2450.04 -2450.03 
-4338.66 -4338.66 -4338.66 -4338.66 -4338.66 -4338.66 -4338.66 -4338.66 -4338.66 -4338.66 -4338.66 -4338.66 -4338.66 -4338.66 -4338.66 -4338.67 -4338.64 -4338.67 
-961.724 -961.73 -961.723 -961.726 -961.732 -961.73 -961.726 -961.732 -961.731 -961.723 -961.723 -961.723 -961.732 -961.726 -961.723 -961.685 -961.732 -961.732 
4837.07 4837.08 4837.07 4837.08 4837.08 4837.08 4837.08 4837.08 4837.07 4837.08 4837.07 4837.07 4837.08 4837.07 4837.08 4837.08 4837.1 4837.08 
6076.24 6076.24 6076.24 6076.24 6076.24 6076.24 6076.24 6076.24 6076.23 6076.24 6076.24 6076.21 6076.24 6076.24 6076.24 6076.2 6076.24 6076.25 
-13.6895 -13.6895 -13.6895 -13.6895 -13.6895 -13.6895 -13.6895 -13.6904 -13.6895 -13.699 -13.6895 -13.6895 -13.6895 -13.6895 -13.699 -13.6895 -13.68 -13.6895 
-7386.05 -7386.04 -7386.05 -7386.04 -7386.04 -7386.04 -7386.05 -7386.04 -7386.04 -7386.05 -7386.05 -7386.02 -7386.04 -7386.05 -7386.04 -7386.06 -7386.04 -7386.05 
-7104.51 -7104.51 -7104.51 -7104.51 -7104.51 -7104.51 -7104.51 -7104.51 -7104.51 -7104.51 -7104.51 -7104.5 -7104.48 -7104.51 -7104.5 -7104.52 -7104.54 -7104.51 
1918.41 1918.41 1918.41 1918.4 1918.41 1918.41 1918.41 1918.41 1918.4 1918.41 1918.41 1918.41 1918.4 1918.41 1918.4 1918.43 1918.4 1918.41 
10186.6 10186.5 10186.6 10186.5 10186.5 10186.5 10186.5 10186.5 10186.5 10186.6 10186.6 10186.5 10186.5 10186.6 10186.6 10186.6 10186.5 10186.6 
7596.47 7596.47 7596.47 7596.48 7596.47 7596.47 7596.48 7596.47 7596.48 7596.48 7596.47 7596.46 7596.48 7596.47 7596.43 7596.46 7596.49 7596.47 
-4330.54 -4330.54 -4330.54 -4330.54 -4330.54 -4330.54 -4330.54 -4330.54 -4330.54 -4330.54 -4330.54 -4330.51 -4330.54 -4330.54 -4330.57 -4330.58 -4330.57 -4330.54 
-12651 -12651 -12651 -12651 -12651 -12651 -12651 -12651 -12651 -12651 -12651 -12651 -12651 -12651 -12651 -12651 -12651 -12651 
-7037.87 -7037.87 -7037.88 -7037.87 -7037.87 -7037.87 -7037.87 -7037.87 -7037.87 -7037.88 -7037.87 -7037.87 -7037.87 -7037.87 -7037.87 -7037.79 -7037.83 -7037.87 
