-3.92635 -290.927 664.093 -541.201 -576.978 2082.34 -2804.87 1293.28 2119.26 -5757.98 6428.76 -2713.36 -4621.86 11006.8 -11976.4 4733.38 7478.56 -18155.9 
-3.92635 -290.927 664.094 -541.196 -576.979 2082.33 -2804.86 1293.28 2119.25 -5757.97 6428.76 -2713.37 -4621.86 11006.8 -11976.3 4733.42 7478.52 -18156 
-3.92635 -290.927 664.093 -541.199 -576.978 2082.33 -2804.87 1293.28 2119.26 -5757.97 6428.76 -2713.37 -4621.86 11006.8 -11976.4 4733.39 7478.55 -18155.9 
-3.9235 -290.918 664.097 -541.204 -576.982 2082.33 -2804.86 1293.28 2119.26 -5757.98 6428.75 -2713.36 -4621.86 11006.8 -11976.4 4733.42 7478.54 -18156 
-3.933 -290.928 664.097 -541.201 -576.982 2082.33 -2804.86 1293.28 2119.26 -5757.97 6428.76 -2713.37 -4621.86 11006.8 -11976.4 4733.39 7478.54 -18155.9 
-3.92635 -290.929 664.093 -541.196 -576.978 2082.33 -2804.86 1293.28 2119.25 -5757.98 6428.76 -2713.36 -4621.86 11006.8 -11976.4 4733.42 7478.54 -18156 
-3.933 -290.928 664.097 -541.205 -576.982 2082.33 -2804.86 1293.28 2119.26 -5757.97 6428.76 -2713.37 -4621.86 11006.8 -11976.4 4733.41 7478.54 -18155.9 
-3.933 -290.928 664.097 -541.205 -576.982 2082.34 -2804.86 1293.28 2119.26 -5757.97 6428.76 -2713.37 -4621.87 11006.8 -11976.3 4733.41 7478.49 -18156 
-3.9235 -290.928 664.097 -541.196 -576.982 2082.33 -2804.86 1293.28 2119.26 -5757.98 6428.75 -2713.36 -4621.86 11006.8 -11976.4 4733.44 7478.54 -18156 
-3.933 -290.928 664.097 -541.205 -576.982 2082.34 -2804.86 1293.27 2119.26 -5757.97 6428.73 -2713.37 -4621.83 11006.8 -11976.4 4733.41 7478.54 -18156 
-3.9235 -290.928 664.097 -541.196 -576.982 2082.33 -2804.86 1293.28 2119.25 -5757.98 6428.76 -2713.36 -4621.86 11006.8 -11976.4 4733.46 7478.54 -18156 
-3.9235 -290.928 664.097 -541.196 -576.982 2082.33 -2804.86 1293.28 2119.25 -5757.97 6428.76 -2713.36 -4621.86 11006.8 -11976.4 4733.41 7478.55 -18155.9 
-3.9235 -290.928 664.097 -541.196 -576.982 2082.33 -2804.86 1293.28 2119.25 -5757.98 6428.76 -2713.33 -4621.86 11006.8 -11976.4 4733.42 7478.56 -18155.9 
-3.9235 -290.928 664.09 -541.196 -576.975 2082.33 -2804.86 1293.28 2119.25 -5757.97 6428.76 -2713.37 -4621.86 11006.8 -11976.4 4733.41 7478.53 -18155.9 
-3.933 -290.928 664.097 -541.205 -576.982 2082.33 -2804.86 1293.28 2119.26 -5757.97 6428.72 -2713.37 -4621.82 11006.8 -11976.4 4733.37 7478.54 -18155.9 
-3.9235 -290.928 664.097 -541.196 -576.982 2082.33 -2804.86 1293.28 2119.26 -5757.98 6428.74 -2713.36 -4621.85 11006.8 -11976.4 4733.47 7478.54 -18156 
-3.92635 -290.927 664.098 -541.199 -576.983 2082.33 -2804.86 1293.28 2119.25 -5757.98 6428.76 -2713.36 -4621.86 11006.8 -11976.4 4733.37 7478.58 -18155.9 
-3.9235 -290.928 664.097 -541.196 -576.982 2082.33 -2804.86 1293.28 2119.26 -5757.98 6428.76 -2713.34 -4621.87 11006.8 -11976.4 4733.41 7478.57 -18156 
